423974 90 6151447
424033 90 6150889
424092 90 6150332
424151 90 6149774
424210 90 6149216
424268 90 6148658
424327 90 6148101
424386 90 6147543
424534 90 6151447
424593 90 6150889
424652 90 6150332
424711 90 6149774
424770 90 6149216
424829 90 6148658
424888 90 6148101
424947 90 6147543
425094 90 6151447
425153 90 6150889
425212 90 6150332
425271 90 6149774
425330 90 6149216
425389 90 6148658
425448 90 6148101
425507 90 6147543
425654 90 6151447
425713 90 6150889
425772 90 6150332
425831 90 6149774
425890 90 6149216
425950 90 6148659
426009 90 6148101
426068 90 6147543
426214 90 6151447
426273 90 6150889
426332 90 6150332
426392 90 6149774
426451 90 6149216
426510 90 6148659
426569 90 6148101
426628 90 6147543
426774 90 6151447
426833 90 6150889
426892 90 6150332
426952 90 6149774
427011 90 6149216
427070 90 6148659
427129 90 6148101
427189 90 6147543
427334 90 6151447
427393 90 6150889
427453 90 6150332
427512 90 6149774
427571 90 6149216
427631 90 6148659
427690 90 6148101
427749 90 6147543
427894 90 6151447
427953 90 6150889
428013 90 6150332
428072 90 6149774
428132 90 6149216
428191 90 6148659
428250 90 6148101
428310 90 6147543
428454 90 6151447
428513 90 6150889
428573 90 6150332
428632 90 6149774
428692 90 6149216
428751 90 6148659
428811 90 6148101
428870 90 6147543
429014 90 6151447
429074 90 6150889
429133 90 6150332
429193 90 6149774
429252 90 6149216
429312 90 6148659
429371 90 6148101
429431 90 6147543