
361469.3 90. 6154542.5
361202.9 90. 6154244.5
360936.4 90. 6153946.0
360670.0 90. 6153647.5
360403.6 90. 6153349.5
360137.1 90. 6153051.0
359870.7 90. 6152752.5
361202.8 90. 6154695.0
360936.4 90. 6154396.5
360670.0 90. 6154098.0
360403.6 90. 6153799.0
360137.1 90. 6153501.5
359870.7 90. 6153203.0
359604.3 90. 6152904.5
359337.9 90. 6152606.5
360936.4 90. 6154847.0
360670.0 90. 6154548.5
360403.6 90. 6154250.0
360137.1 90. 6153952.0
359870.7 90. 6153653.5
359604.3 90. 6153355.0
359337.9 90. 6153056.5
359071.4 90. 6152758.5
360670.0 90. 6154999.0
360403.6 90. 6154700.5
360137.1 90. 6154402.0
359870.7 90. 6154103.0
359337.9 90. 6153507.0
359071.4 90. 6153208.5
358805.0 90. 6152910.5
360390.2 90. 6155136.0
360137.1 90. 6154852.5
359870.7 90. 6154554.0
359604.3 90. 6154256.0
359071.4 90. 6153659.0
358805.0 90. 6153361.0
359870.7 90. 6155004.5
359604.3 90. 6154706.5
359337.9 90. 6154408.0
359071.4 90. 6154109.5
358805.0 90. 6153811.0
359604.3 90. 6155156.0
359337.9 90. 6154858.5
359071.4 90. 6154560.0
358805.0 90. 6154261.5
359337.9 90. 6155308.5
359071.4 90. 6155010.5
358805.0 90. 6154712.0